81
Çanakkale
3
15 135624
28 175746
73 172833
Çankırı
6
3 138776
10 158084
22 195850
44 112809
47 121483
50 135980
Çorum
7
2 138776
9 119185
47 175424
50 157023
67 178024
70 157644
80 147204
Adana
6
37 160251
42 167640
48 174195
58 224258
62 117594
64 77666
Adıyaman
5
27 228759
34 148858
42 151244
55 103499
68 115457
Afyon
7
23 181270
26 199768
32 147534
39 104684
43 151069
54 235359
77 144834
Ağrı
6
21 175557
31 202167
38 90737
46 132800
60 173835
78 162329
Aksaray
5
10 246141
52 139763
54 141696
61 113433
62 116100
Amasya
4
3 119185
67 83556
74 109395
80 158587
Ankara
7
2 158084
8 246141
22 157272
32 173509
50 120592
52 186386
54 251167
Antalya
6
23 126734
39 157395
45 255379
54 258929
58 324039
59 274698
Ardahan
3
13 105413
31 204770
46 100255
Artvin
3
12 105413
31 156584
65 108673
Aydın
4
26 138668
41 130191
56 144326
59 113412
Balıkesir
5
1 135624
24 143878
41 181498
43 200447
56 134786
Bartın
3
44 59485
47 134184
81 82433
Batman
5
21 135059
27 119608
57 106095
60 153105
69 86577
Bayburt
5
30 130958
31 150651
33 92029
65 124424
75 94097
Bilecik
5
22 186808
24 121809
32 130383
43 135353
66 102756
Bingöl
6
27 136128
29 153575
30 179923
31 173542
60 129310
76 136285
Bitlis
5
7 175557
17 135059
60 87847
69 88794
78 137951
Bolu
8
2 195850
10 157272
19 186808
25 61918
32 160054
44 135633
66 127513
81 97593
Burdur
5
6 181270
11 126734
26 102241
39 118880
59 188823
Bursa
6
15 143878
19 121809
43 136970
53 145645
66 191825
79 69414
Düzce
3
22 61918
66 84283
81 82724
Denizli
6
6 199768
14 138668
23 102241
56 191558
59 133020
77 113541
Diyarbakır
8
5 228759
17 119608
20 136128
29 128085
55 253922
57 124598
60 211831
68 186035
Edirne
3
1 175746
51 113287
73 95753
Elazığ
5
20 153575
27 128085
30 142324
55 147523
76 73810
Erzincan
9
18 130958
20 179923
29 142324
31 256338
33 97643
35 155385
55 212273
72 223060
76 71928
Erzurum
9
7 202167
12 204770
13 156584
18 150651
20 173542
30 256338
46 178032
60 154831
65 149442
Eskişehir
6
6 147534
10 173509
19 130383
22 160054
43 172538
54 281998
Gümüşhane
4
18 92029
30 97643
35 98279
75 81376
Gaziantep
6
5 148858
37 150957
42 123289
49 45523
64 124476
68 197268
Giresun
5
30 155385
33 98279
63 121373
72 203348
75 140392
Hakkari
2
71 166534
78 156551
Hatay
3
4 160251
34 150957
64 114549
Iğdır
2
7 90737
46 129917
Isparta
4
6 104684
11 157395
23 118880
54 188618
İstanbul
2
53 124250
73 156056
İzmir
3
14 130191
15 181498
56 101110
Kahramanmaraş
7
4 167640
5 151244
34 123289
48 165056
55 151335
64 123642
72 238169
Kütahya
7
6 151069
15 200447
19 135353
24 136970
32 172538
56 175983
77 108533
Karabük
5
2 112809
16 59485
22 135633
47 125088
81 89104
Karaman
3
11 255379
54 153316
58 85974
Kars
4
7 132800
12 100255
31 178032
38 129917
Kastamonu
5
2 121483
3 175424
16 134184
44 125088
70 136575
Kayseri
6
4 174195
42 165056
61 131219
62 161600
72 206930
80 156554
Kilis
1
34 45523
Kırıkkale
5
2 135980
3 157023
10 120592
52 85053
80 173767
Kırklareli
2
28 113287
73 84461
Kırşehir
5
8 139763
10 186386
50 85053
61 92947
80 130647
Kocaeli
4
24 145645
40 124250
66 73851
79 95321
Konya
9
6 235359
8 141696
10 251167
11 258929
32 281998
39 188618
45 153316
58 231052
62 234143
Malatya
6
5 103499
27 253922
29 147523
30 212273
42 151335
72 175722
Manisa
6
14 144326
15 134786
26 191558
41 101110
43 175983
77 139068
Mardin
5
17 106095
27 124598
68 200457
69 164643
71 191969
Mersin
5
4 224258
11 324039
45 85974
54 231052
62 203508
Muğla
4
11 274698
14 113412
23 188823
26 133020
Muş
6
7 173835
17 153105
20 129310
21 87847
27 211831
31 154831
Nevşehir
5
8 113433
48 131219
52 92947
62 121883
80 137396
Niğde
6
4 117594
8 116100
48 161600
54 234143
58 203508
61 121883
Ordu
4
35 121373
67 180512
72 178749
74 120619
Osmaniye
4
4 77666
34 124476
37 114549
42 123642
Rize
4
13 108673
18 124424
31 149442
75 118728
Sakarya
5
19 102756
22 127513
24 191825
25 84283
53 73851
Samsun
5
3 178024
9 83556
63 180512
70 139849
74 140691
Şanlıurfa
4
5 115457
27 186035
34 197268
57 200457
Siirt
5
17 86577
21 88794
57 164643
71 78635
78 178581
Sinop
3
3 157644
47 136575
67 139849
Şırnak
4
36 166534
57 191969
69 78635
78 178478
Sivas
8
30 223060
35 203348
42 238169
48 206930
55 175722
63 178749
74 140013
80 230394
Tekirdağ
4
1 172833
28 95753
40 156056
51 84461
Tokat
5
9 109395
63 120619
67 140691
72 140013
80 182033
Trabzon
4
18 94097
33 81376
35 140392
65 118728
Tunceli
3
20 136285
29 73810
30 71928
Uşak
4
6 144834
26 113541
43 108533
56 139068
Van
5
7 162329
21 137951
36 156551
69 178581
71 178478
Yalova
2
24 69414
53 95321
Yozgat
8
3 147204
9 158587
48 156554
50 173767
52 130647
61 137396
72 230394
74 182033
Zonguldak
4
16 82433
22 97593
25 82724
44 89104
